room_title,woe_room_url,review_id,review
"Escape room ""Gold Mine: Last Breath"" by Escape Rooms Portland Michigan in Lansing",https://worldofescapes.com/lansing/quests/escape-rooms-portland-mi-gold-mine-last-breath,0,None
