room_title,woe_room_url,review_id,review
"Escape room ""Escape Atlantis"" by Game the Room in Rohnert Park",https://worldofescapes.com/rohnert-park/quests/game-the-room-escape-atlantis,0,None
