room_title,woe_room_url,review_id,review
"Escape room "" Area 51-2"" by Lockout Austin in Austin",https://worldofescapes.com/austin/quests/lockout-austin-area-51-2,0,None
