room_title,woe_room_url,review_id,review
"Escape room ""Team Building Opportunities"" by The Escape Game New York in New York",https://worldofescapes.com/nyc/quests/the-escape-game-nyc-team-building-opportunities,0,We had so much fun at The Escape Game as a team building experience! I would highly recommend for any teams. Best way to bond and get rid of stress!
"Escape room ""Team Building Opportunities"" by The Escape Game New York in New York",https://worldofescapes.com/nyc/quests/the-escape-game-nyc-team-building-opportunities,1,"Not only was it a LOT of fun, it was awesome team building with my co-workers and the staff could not have made the experience more enjoyable for us. Would HIGHLY recommend this to anyone who wants a solid hour of action, puzzles and real immersive problem solving."
"Escape room ""Team Building Opportunities"" by The Escape Game New York in New York",https://worldofescapes.com/nyc/quests/the-escape-game-nyc-team-building-opportunities,2,"This is the 2nd time I participate in an Ecape the Room game as a Holiday outing with my employees. Very immersive, lots of fun and for sure a team building experience, as we all have to work together to escape the room! Multi room experience makes it even more interesting, fun and adventurous! Staff was great too!"
"Escape room ""Team Building Opportunities"" by The Escape Game New York in New York",https://worldofescapes.com/nyc/quests/the-escape-game-nyc-team-building-opportunities,3,A great team building activity for my friends and I. The staff was lovely and the game was just challenging enough. So much fun!
