room_title,woe_room_url,room_address,room_description,player_range,time_limit,difficulty_level,fear_level,age_requirement,success_rate
"Escape room ""Cabin Fever"" by San Antonio Panic Room in San Antonio",https://worldofescapes.com/san-antonio/quests/san-antonio-panic-room-cabin-fever,"12770 Cimarron Path Suite A104 San Antonio, TX 78249","A fierce blizzard has hit your secluded ski resort! So much for that relaxing trip. Caught in the snow, you and your friends were forced to take shelter in a nearby cabin. But beware! The old wooden structure can only stand the brunt of the storm for so long. Can you find a way to save yourself and your companions? Or, will you succumb to the fury of the blizzard?",4-10,60,Average,None,,None
